-24514059.040865 -13369430.485922
-15404148.771965 -23284463.932747
-2709551.560221 -27779910.075719
10615609.139281 -25805401.074662
21466058.765397 -17815753.996051
27308539.404852 -5669839.299659
26776294.680850 7799516.198053
19992480.556191 19447722.141710
8542191.873611 26556495.687776
-4900934.636907 27470533.335032
-17202326.160829 21981648.269270
-25498021.540217 11372978.351335
-25498021.540217 11372978.351335
-27859451.977223 -1883140.587237
-22836038.074773 -16058781.276850
-12658500.552783 -24878332.391117
466266.356628 -27904454.067556
13482097.432529 -24429387.401299
23354890.048032 -15259279.171649
27780090.540146 -2529847.262327
27780090.407313 -2529848.159852
25723242.882809 10789830.685667
17664162.831294 21591631.141066
5484536.567529 27356544.465457
-24514059.040865 -13369430.485922
-15404148.771965 -23284463.932747
-2709551.560221 -27779910.075719
10615609.139281 -25805401.074662
21466058.765397 -17815753.996051
27308539.404852 -5669839.299659
26776294.680850 7799516.198053
19992480.556191 19447722.141710
8542191.873611 26556495.687776
-4900934.636907 27470533.335032
-17202326.160829 21981648.269270
-25498021.540217 11372978.351335
-25498021.540217 11372978.351335
-27859451.977223 -1883140.587237
-22836038.074773 -16058781.276850
-12658500.552783 -24878332.391117
466266.356628 -27904454.067556
13482097.432529 -24429387.401299
23354890.048032 -15259279.171649
27780090.540146 -2529847.262327
27780090.407313 -2529848.159852
25723242.882809 10789830.685667
17664162.831294 21591631.141066
5484536.567529 27356544.465457
