-5124692.769083 -41853001.664982
-2848842.793574 -42068656.164538
-715596.285064 -42158243.976932
1178552.532211 -42147067.070226
2723288.954527 -42074688.966525
3789078.988237 -41991340.654414
4222926.994617 -41949257.366788
3850476.912670 -41984608.732727
2499210.289182 -42086468.130096
67004.083205 -42160678.646502
-3352603.690350 -42027675.205323
-7355438.275341 -41515359.619348
-11291792.826316 -40622676.126003
-14551411.427201 -39573337.528155
-16813492.754665 -38667597.875903
-18051215.443552 -38106484.981798
-18392613.756360 -37943651.826087
-18003328.320093 -38130425.974309
-17034630.316381 -38573209.522242
-15612256.224386 -39170568.763704
-13840567.593299 -39830950.215768
-11809566.325311 -40479342.329553
-25447494.036754 11480103.671304
-27854424.455855 -1771385.708459
-5124692.769083 -41853001.664982
-2848842.793574 -42068656.164538
-715596.285064 -42158243.976932
1178552.532211 -42147067.070226
2723288.954527 -42074688.966525
3789078.988237 -41991340.654414
4222926.994617 -41949257.366788
3850476.912670 -41984608.732727
2499210.289182 -42086468.130096
67004.083205 -42160678.646502
-3352603.690350 -42027675.205323
-7355438.275341 -41515359.619348
-11291792.826316 -40622676.126003
-14551411.427201 -39573337.528155
-16813492.754665 -38667597.875903
-18051215.443552 -38106484.981798
-18392613.756360 -37943651.826087
-18003328.320093 -38130425.974309
-17034630.316381 -38573209.522242
-15612256.224386 -39170568.763704
-13840567.593299 -39830950.215768
-11809566.325311 -40479342.329553
-25447494.036754 11480103.671304
-27854424.455855 -1771385.708459
