-3762978.236971 27658436.315797
22169688.004729 -16930988.234688
-16277085.325158 22684472.244631
-25003872.594998 12431298.598436
22675029.670824 16284862.140020
-11462130.935471 -25438255.647232
12418708.539352 25009271.122913
-726665.580304 27915580.604753
-13703052.200329 24329307.854350
-23491607.770420 15083100.691766
-27811304.196063 2325714.542020
-25650569.132587 -10973124.143005
-17507609.955192 -21712032.833085
-5278833.400919 -27382893.515670
8182297.435519 -26659971.643761
19733260.034418 -19712146.409976
26679195.227567 -8163267.937840
27403510.507795 5289991.335452
21743090.810118 17511135.868980
11021368.152660 25656218.266352
-22273340.427622 -16831759.110388
-2264202.555625 27833006.582252
-11796859.816769 -25294807.418179
-15023191.319217 23536359.663004
-3762978.236971 27658436.315797
22169688.004729 -16930988.234688
-16277085.325158 22684472.244631
-25003872.594998 12431298.598436
22675029.670824 16284862.140020
-11462130.935471 -25438255.647232
12418708.539352 25009271.122913
-726665.580304 27915580.604753
-13703052.200329 24329307.854350
-23491607.770420 15083100.691766
-27811304.196063 2325714.542020
-25650569.132587 -10973124.143005
-17507609.955192 -21712032.833085
-5278833.400919 -27382893.515670
8182297.435519 -26659971.643761
19733260.034418 -19712146.409976
26679195.227567 -8163267.937840
27403510.507795 5289991.335452
21743090.810118 17511135.868980
11021368.152660 25656218.266352
-22273340.427622 -16831759.110388
-2264202.555625 27833006.582252
-11796859.816769 -25294807.418179
-15023191.319217 23536359.663004
